>>> 
= RESTART: C:\Samir\Fakultet\Nastava\2020ZimskiSemestar\POOS\Vježbe\Vježba 01\POOS_Vjezba_01_pattern_recognition.py
----------- Prikaz random indeksa ------------
array_ids =  [ 94 107 140 114 126  42 123 147  26   4 108  39 149  97  54 143  78  91
  57 118 113 129 128 120 122  47  84  43 134  10  23  65  16   9 130  87
  24 112  15 102 137  18  55  51 100 133 138  44  67   1   5 146  63  95
 109   7 136 104  52  14  60  53  46 105   8 124 132 125  68  29  19  45
  22 127  86  59  49  12  71  98  27  38  69  74  50  88  80  40  17  36
 121 103  76 111  62  11  25 148  30  33  37 117 119  85   6 142  89  35
  92 116  96 135  81  70  61  28  20 110  77  32 101  82  31  93  72  21
  83 131  66   2  58  41  79  73 145 144 115  13  75  90  48   3 139  64
 106  56  99 141  34   0]

----------- Prikaz random indeksa, osim zadnjih 15 ------------
array_ids[:-15] =  [ 94 107 140 114 126  42 123 147  26   4 108  39 149  97  54 143  78  91
  57 118 113 129 128 120 122  47  84  43 134  10  23  65  16   9 130  87
  24 112  15 102 137  18  55  51 100 133 138  44  67   1   5 146  63  95
 109   7 136 104  52  14  60  53  46 105   8 124 132 125  68  29  19  45
  22 127  86  59  49  12  71  98  27  38  69  74  50  88  80  40  17  36
 121 103  76 111  62  11  25 148  30  33  37 117 119  85   6 142  89  35
  92 116  96 135  81  70  61  28  20 110  77  32 101  82  31  93  72  21
  83 131  66   2  58  41  79  73 145]

----------- Prikaz random indeksa - samo zadnjih 15 ------------
array_ids[-15:] =  [144 115  13  75  90  48   3 139  64 106  56  99 141  34   0]

----------- Prikaz predikcija (izlaza iz treniranog modela) -----------
[2 2 0 1 1 0 0 2 1 1 1 1 2 0 0]

----------- Prikaz stvarnih (očekivanih) izlaza -----------
[2 2 0 1 1 0 0 2 1 2 1 1 2 0 0]

----------- Izračun tačnosti predikcija metodom accuracy_score() -----------
Tačnost [%]: 93.33